#1 
double table1(576, 7)
	# Time (s)	(1)T_ext	(2)Sol_rad	(3)T_Wall_Ins	(4)T_Ins_Ins	(5)T_Ins_Coat	(6)T_int 
6912000.0	7.0697849012	2.6869137024000005	24.014635400000003	15.391815377	5.7230239135	25.60266083
6912300.0	6.7830955304	0.0	23.994930484	15.3983979235	5.8809787437	25.607246535500003
6912600.0	5.6648080142	0.0	23.956946108	15.381315974	5.9128232748	25.607625012
6912900.0	5.294295817	0.0310000002	23.98119721	15.429460919	5.9124018655	25.607845539
6913200.0	5.2247353802	0.0	23.996952842	15.467895763	5.8896593017	25.608097145
6913500.0	5.117718969	0.0	23.980744035	15.488894455	5.8156976904	25.61247746
6913800.0	4.9398481918	0.0	23.943577889	15.473028633	5.6198509621	25.618055274
6914100.0	4.8516679752	1.7809424682	23.953041606	15.498148952	5.3316672027	25.618574873
6914400.0	4.5816754144	0.0	23.96319472	15.504296501	4.9965512836	25.62188425
6914700.0	4.3183171	0.0	23.935512842	15.477654198	4.652196692	25.616086091
6915000.0	4.0278476348	0.4684856172	23.970229925	15.478546	4.3776919005	25.618087277
6915300.0	3.8312010048	0.0	23.944308382000003	15.440958036	4.1037074747	25.621254455
6915600.0	3.8128144454	0.0	23.935968392	15.390932059	3.9115624082	25.6194819325
6915900.0	3.7760105366	0.0	23.945017289	15.362711578	3.9252161158	25.619206301
6916200.0	3.8773688068	0.3749046808	23.938052612	15.303893233	4.0142955214	25.620970647
6916500.0	3.9579473696	1.2182949788	23.940557786	15.257244592	4.1599641463	25.617961314
6916800.0	4.0678247648	0.0	23.929222788	15.202567989	4.2893287817	25.626407371
6917100.0	4.171799493	0.0	23.934622555	15.189041894000002	4.4348701917	25.622421209
6917400.0	4.1663172749	0.0	23.91518048	15.149592198	4.5289748823	25.624082847
6917700.0	4.1595094934	0.0	23.900334263	15.120758724	4.5973349648	25.622971714
6918000.0	4.160012163999999	0.0	23.907658422	15.122333437000002	4.619504235600001	25.623776245
6918300.0	4.2449592122	0.0	23.896304766	15.109612535	4.5297225486	25.614244494
6918600.0	4.4263170968	1.6867805957999995	23.929412163	15.126341165	4.4162365103	25.575800641
6918900.0	4.518575483799999	3.905789617	23.917391478	15.125358961	4.2900854324	25.578100877
6919200.0	4.4940966532	0.0	23.8944410975	15.097684327999998	4.195430089599999	25.574201739
6919500.0	4.5404986812	0.0	23.891212754	15.079230383	4.1686179038	25.579440842
6919800.0	4.4272247992	0.0	23.892212699	15.058338697	4.163418650800001	25.572034311000003
6920100.0	4.4190032572	0.0	23.886544707	15.040968379	4.1986467512	25.5660070935
6920400.0	4.5129934854	0.0	23.868081118	15.020820274	4.2488378131	25.56481807
6920700.0	4.550327826	0.0	23.862187281	14.997635394	4.3013310311	25.5604301945
6921000.0	4.4447225132	0.0	23.858484917	14.984458859	4.3496948032	25.561130586000004
6921300.0	4.4016610974	0.7394760284	23.867288104	14.987038178	4.3957730471000005	25.563162898
6921600.0	4.3956201578	1.4789520568	23.891213305	15.005756523000002	4.4959187922	25.569023795
6921900.0	4.5408842704	0.0	23.857466157000005	14.979096153	4.537762779	25.560042908
6922200.0	4.5713948146	0.0206666668	23.826185553	14.948290658	4.538795160399999	25.55742736
6922500.0	4.435697042599999	7.2598460114	23.857402107	14.973840025	4.5855206691	25.558956572
6922800.0	4.5242206516	0.0	23.821229383500004	14.9408284045	4.562331275	25.5461785695
6923100.0	4.481231592	0.0	23.820529734	14.961299693	4.5694414043	25.554860106
6923400.0	4.4877635376	0.0	23.84236003	14.979035568	4.5646237318	25.554434053
6923700.0	4.4100187932	0.0	23.866104992	15.003758978	4.5228208447	25.560184574
6924000.0	4.3360225004	0.499485617	23.849044445	14.999769173	4.4670653539	25.551692088000003
6924300.0	4.5001701172	2.4681708936	23.83861686	14.980020348	4.3861606288	25.5474461755
6924600.0	4.2723772808	0.0	23.848869223	14.995285372	4.293147315200001	25.549265735999995
6924900.0	4.196943600199999	0.4684856172	23.844810732	14.981943817	4.1286237556	25.5520390575
6925200.0	4.1296967001	0.0	23.827523195	14.964315083	3.9527182702	25.561208188
6925500.0	3.9880141586	0.0	23.842188729	14.962152416	3.7960657917	25.558434879
6925800.0	3.8637648158	0.1664952056	23.851611469	14.945438588	3.6954288518	25.557064723000003
6926100.0	3.8120735074	0.0832476028	23.843180152	14.914631141	3.6392259607	25.55711137
6926400.0	3.699963553	0.0	23.851546105	14.9021970415	3.58157249125	25.5608449465
6926700.0	3.557887702	0.0	23.843124294	14.870022107	3.475195777	25.561002477
6927000.0	3.4327266545	0.9059712342	23.811441453	14.81687436	3.347661893	25.556905988
6927300.0	3.5055550422	0.3019904114	23.816811684	14.789877884	3.3042396634	25.558198192
6927600.0	3.581420511	3.3121421274	23.801204189	14.752847861	3.2842526774	25.559159584000003
6927900.0	3.4473818904	0.9059712342	23.80925798	14.723958619	3.2745056864000004	25.556842625
6928200.0	3.4705799574	0.9059712342	23.798402939	14.696128331	3.2921819642	25.554117243
6928500.0	3.3666075892	0.0	23.762585022	14.629974576	3.2577953562	25.559300687
6928800.0	3.1749415967	0.0	23.756745645	14.603653414	3.1924272642	25.5582681735
6929100.0	3.1797711014	0.0	23.750242801	14.577623302999998	3.1001492697	25.555912818
6929400.0	2.988242455	0.0	23.779773765	14.584412360000002	3.0781648311	25.555801679
6929700.0	3.0535711146	0.0	23.7894616445	14.5701198995	3.11256729625	25.559905591
6930000.0	3.178197043	0.0	23.770162726	14.544522219	3.162731224	25.551215973
6930300.0	3.3593377868	0.0	23.749118031	14.512917494	3.2199561604	25.5491351145
6930600.0	3.2995086440000003	0.0	23.717910141	14.474052607	3.2693768346	25.550820618000003
6930900.0	3.4659448746000003	0.0	23.739924248	14.483555377000002	3.3866782898	25.550568584
6931200.0	3.5813488972000003	0.0	23.754023791	14.479810419	3.5164966536	25.549103356
6931500.0	3.5368906982	0.0	23.743175938	14.462826921	3.5915679072	25.546393605
6931800.0	3.4928296366	0.0	23.755765864	14.474747612000002	3.6976458942	25.548316018
6932100.0	3.5452662005999995	0.0	23.745887515	14.477705014	3.7826052953	25.548221283
6932400.0	3.7249583498	0.6872284254000001	23.711782162	14.464368645	3.8319336112	25.552647981
6932700.0	3.7274192004	1.0569664399	23.724823455	14.475182467	3.8962982647	25.550110952
6933000.0	3.7136391126	0.0	23.688783136	14.463391602	3.9406740428	25.548125121
6933300.0	3.5457466658000003	0.0	23.6684426725	14.463264151	3.8878438798	25.5465334485
6933600.0	3.4781528722	0.0	23.710746797	14.507446384999998	3.799894205	25.539789333
6933900.0	3.3992653568	15.186834724	23.733475108	14.541493179	3.7216548588	25.54213721
6934200.0	3.2877114082	7.593417361999999	23.69434888	14.518614054	3.5626824929	25.535818603000003
6934500.0	3.1638236662	0.0	23.723609624	14.545247225	3.4445027399	25.537646128
6934800.0	3.0160828131	0.1561618723999999	23.680209654	14.500222817	3.1956230131	25.531296349
6935100.0	2.9043814486	0.780809362	23.669871209	14.483773897	2.9312088606	25.533076059
6935400.0	2.6437929314	0.2497428084	23.717836303	14.506483688	2.6855990878	25.53328055
6935700.0	2.5552896886	0.2497428084	23.70541351	14.472321989	2.5383560753	25.534131288
6936000.0	2.4952473406	0.0	23.681745393	14.413193215	2.534386291	25.537881641
6936300.0	2.5500681134	0.0	23.683601832	14.378242601	2.5308093612	25.531783211
6936600.0	2.692835723	0.0	23.6841956825	14.3484293175	2.4977202957	25.532957742
6936900.0	2.8255183714	0.0	23.681258994000004	14.302047059	2.4770896082	25.530319509
6937200.0	2.9237791712	0.0	23.694204213	14.283244049	2.5673585738	25.530366187
6937500.0	2.9400588746	0.6665617588	23.660039651	14.236184907999998	2.6152265269	25.532571491
6937800.0	2.9881060764000003	1.3331235176	23.653438723	14.211496107000002	2.6472511988	25.533674066000003
6938100.0	3.10837871	0.728561759	23.639082972	14.180711513	2.6633546681	25.532870661
6938400.0	3.0824609517000003	3.2389373902000003	23.646352809	14.16977584	2.6417042019	25.5277887745
6938700.0	2.942322098	3.1140659856	23.624512866	14.142407486	2.5420882433	25.529450974
6939000.0	2.9986188704	1.926190071	23.625202432	14.133328344	2.4273580669	25.525937555
6939300.0	3.1331704918	6.2797986382	23.634769104	14.126310017000002	2.397845892	25.5254093175
6939600.0	3.2644106166	10.65465481	23.634888111	14.121680751	2.4832227481	25.523526209
6939900.0	3.4155786472000003	13.279568512	23.624269163	14.107943641	2.5802456816	25.52798476
6940200.0	3.3515347834	21.154309618	23.604141946	14.0708216115	2.6225254385500003	25.52163486
6940500.0	3.4198922792	27.060365446	23.613725767	14.076519996	2.7541694973000004	25.518168781
6940800.0	3.9544524036	32.23727858	23.633346843	14.076481839	2.9956769718	25.519853779
6941100.0	4.3683472172	42.51819058	23.635824136	14.073901383	3.3380466323	25.516481016
6941400.0	4.7485517622	37.560020256	23.617638009000004	14.078183916	3.5641188233000003	25.519160309
6941700.0	6.0736697710000005	35.955906328	23.596836518	14.093929662	3.7017609015	25.515930509
6942000.0	6.8617588414	43.684818892	23.606088775000003	14.114369043	3.826034891	25.510368059
6942300.0	7.041501157899999	48.934646297	23.613842904	14.152807569	3.9985914897	25.515015799
6942600.0	7.901732681	47.768017984	23.576497813	14.157942302	4.0923539168000005	25.51548802
6942900.0	8.323567992200001	50.538760228	23.595935954	14.222894907	4.1804543309	25.515408502
6943200.0	9.434763667	55.93441617	23.579770088	14.244560815000002	4.272851923099999	25.5166450885
6943500.0	9.484411405	70.298527264	23.601041463	14.286546214	4.4100714083	25.5108630345
6943800.0	9.7668517452	82.11063892199999	23.604199555500003	14.316903168499998	4.5685985275	25.5126274015
6944100.0	10.597841444	87.105266383	23.610643337	14.357826865	4.8546833709	25.5133522435
6944400.0	9.9163642482	94.287321928	23.608863422	14.387141269	5.3564179393	25.512273154
6944700.0	10.5873041286	119.36983062	23.569957963	14.413574592	6.068808194600001	25.510681534
6945000.0	11.320494688	152.10833764	23.60025746	14.491479891999996	7.153666342999999	25.511910401
6945300.0	10.46594271	152.91039461999998	23.602730453	14.580968482	8.253613979699999	25.514636139
6945600.0	11.784747004	181.12821692	23.583829071	14.684580444	9.4003349871	25.507955309000003
6945900.0	11.526278584	186.45095858	23.639157476	14.862882344	10.628054637000002	25.51168937
6946200.0	12.007201468	184.33644477	23.591685607	15.009674006	11.610751062	25.512871146
6946500.0	12.804991351999998	190.89872902	23.612584692	15.226792146	12.56387675	25.509105071
6946800.0	12.754100614	197.02352766	23.617017869	15.456619121	13.383469538	25.508017999
6947100.0	13.076827864	212.9188384	23.6128481905	15.668833646	14.2307546275	25.510657266
6947400.0	13.981843638	227.93917792	23.645630715	15.902188186	15.038521857	25.50472429
6947700.0	14.222539975999998	238.94923262000003	23.656511785	16.157131315999997	15.989889866	25.504866792
6948000.0	12.576146898	203.11186916000003	23.649761989	16.420688749	16.808676163	25.517189397
6948300.0	13.680249409999998	266.07334088	23.663766805	16.702042739	17.625140373999997	25.526422569
6948600.0	13.790035978	298.66601934	23.679351655	16.992536457	18.870006376	25.528456312
6948900.0	12.903279158	226.1163212	23.666244673	17.265366862	19.655539427	25.526817264
6949200.0	11.939547162	213.28340976	23.676260363000004	17.561645730000002	19.576551399000003	25.529843365
6949500.0	13.15841785	319.22784336	23.707479795	17.863523647999997	20.430862995	25.536224929
6949800.0	13.790486128999998	407.63639511	23.720859952	18.145649215	21.628799716	25.536240542
6950100.0	14.296770848	306.686589	23.774973292	18.449461899	22.658221574	25.538493872
6950400.0	13.452202632	353.13297868	23.781299569	18.731154957	23.547525325	25.542906281
6950700.0	12.380489428	397.90234016	23.772682827	18.95398605	24.3841161465	25.537825077
6951000.0	12.742891118	428.23467624000006	23.771093804000003	19.238354016	25.445335448	25.53677699
6951300.0	12.072599414	409.4227947	23.798827787	19.541103917	26.579977872	25.543614584000004
6951600.0	10.977563774	346.20612306000004	23.792519012	19.854756177	26.73611305	25.549413721
6951900.0	12.622964922	469.7228956	23.816215058	20.175222275	27.475582648000003	25.548642138
6952200.0	11.857074098	449.6714715	23.876548797	20.520916025	28.717841404	25.553084914
6952500.0	12.605775094	503.62803094	23.914820399	20.829915128000003	29.570980489	25.5527062
6952800.0	11.980339482	231.00157726	23.938285235	21.154568485	29.700957682	25.552832429
6953100.0	13.433247556	396.8086261	23.92366231	21.439465808	28.36706743	25.553132237
6953400.0	11.2599523744	209.27312494	23.956842782000003	21.715729314	28.184325572	25.554723037
6953700.0	10.4502876126	167.89427699	23.964046747	21.929986816	26.719215672	25.556362461
6954000.0	11.819666366	176.60753222	23.979620296	22.0995057	25.74528756	25.555149371
6954300.0	11.39431957	150.28548089999998	24.02504665	22.213329862	24.897616447	25.555763949000003
6954600.0	11.232481764	129.21325702	24.017445421	22.23920129	23.741539	25.552660485
6954900.0	10.775395108	123.23428694	24.062879196	22.259175658	22.548359586	25.557686734
6955200.0	11.406583076	257.61528562	24.093280194	22.221280945	21.912458824	25.56165788
6955500.0	12.093528354	287.94762172000003	24.11122059	22.118720164000003	23.170617837	25.563107241
6955800.0	11.112278124	187.10718699	24.111124553	22.011389254	22.621938992000004	25.561720626
6956100.0	11.158323006	163.26422086	24.111187186	21.915686695	22.318413337	25.567093186
6956400.0	11.399831042	278.39585242	24.12244008	21.845364521	22.301463522	25.567408763000003
6956700.0	11.52253651	264.90671256	24.116839195	21.755220642	23.147592889	25.518954117
6957000.0	11.253374086	245.9490025	24.120823683	21.692058721	23.755820388000004	25.521356935
6957300.0	10.818219736	212.62718132	24.149999605	21.66725574	23.316137819	25.527311926
6957600.0	12.050755935000002	621.42103331	24.1459012955	21.6705146175	25.0099941455	25.525216858
6957900.0	12.643827966	499.76357464	24.146021353	21.672509828000003	28.39379349	25.530573514
6958200.0	12.651733218	266.94831214	24.149917412	21.734311503	29.119868528	25.521057001
6958500.0	11.048433572	196.73187058	24.175475046	21.905552972	27.555388318	25.518220889
6958800.0	11.61615199	549.63693498	24.205193414	22.11752837	27.494914982	25.522491076
6959100.0	14.218040454	612.48903528	24.217169264	22.276536645	30.883587593	25.5245630645
6959400.0	14.269877012	668.2684514599999	24.197995045	22.424170667	34.442331899	25.522381901000003
6959700.0	13.608121123	670.45587956	24.228887655	22.675575415	37.184114693	25.532245884
6960000.0	14.031593284	671.5495936	24.261594221	23.035615466	39.455661516	25.537303216
6960300.0	14.014078732000002	673.007879	24.281836359	23.486639599	40.938849337	25.535412767
6960600.0	14.037941409999998	674.1745073	24.298806234	23.99967569	42.313334466	25.532955802
6960900.0	12.901279926	674.1745073	24.305284255	24.52592025	43.026903301	25.540503079
6961200.0	13.090536764	669.8725654	24.329990917	24.999069781	43.493674055	25.5432606795
6961500.0	13.237950658	668.1226229199999	24.349999846	25.510642069	44.472602640000005	25.553393113
6961800.0	12.69793357	561.0844752999999	24.415859575	26.073622764	44.043199093	25.549721913
6962100.0	12.301929922	362.97640506	24.444294419	26.551534539	42.29116148	25.557663493
6962400.0	13.287788978	618.90549102	24.468340331	26.971118776	42.084197970000005	25.561130252
6962700.0	12.395317028	401.03765374	24.505114714	27.308346008	41.29035982800001	25.563730567
6963000.0	12.13925581	475.7018657	24.497105778	27.532161496	39.903285516	25.567385884000004
6963300.0	12.775969134	362.90349076	24.573452032	27.730214705	39.407924953000006	25.5666126
6963600.0	12.97329784	668.92467989	24.608659312	27.844490281	39.524035758	25.570410792
6963900.0	13.56560113	672.42456482	24.610095748	27.899340809	41.216686460000005	25.567212139
6964200.0	12.974487178	669.87256538	24.639286822	27.952863805	42.856081953	25.567244503
6964500.0	13.998543644	666.15393764	24.6632817835	28.053604748	43.9601892005	25.575706467
6964800.0	13.114177328	673.73702168	24.670357710000005	28.157466314	44.433532183	25.579315725
6965100.0	13.508232692000002	671.9870791999999	24.686610014	28.334207518	44.990002258	25.575046044
6965400.0	13.95148683	673.37245034	24.741701715	28.575422294	45.668997306	25.577912973
6965700.0	12.84295674	672.13290774	24.75743586	28.808303882	46.004890438	25.588619672
6966000.0	13.619787680000002	674.9036499800001	24.791295894	29.054479415	46.242575069	25.599421779
6966300.0	13.116150636	674.6119929	24.802444912	29.292371164	46.324608932	25.602699078
6966600.0	13.676324500000002	673.4453646	24.825659029	29.516150757999995	46.413815155	25.607222047
6966900.0	12.612182386	674.39325012	24.850287693	29.749441053	46.543679754	25.614800776000003
6967200.0	13.076501478	672.20582202	24.845158094	29.939223732	46.78156984099999	25.606781003
6967500.0	13.298529357	673.95576449	24.878887619	30.1334714	46.977731793	25.613839198
6967800.0	13.61125772	673.4453646	25.013003515	30.395352861	46.725618683	25.566640431
6968100.0	13.254848198	674.3932501	25.0935747095	30.610692306	46.4788577085	25.496947477
6968400.0	13.027620326	706.6942715	25.085929712	30.712060263	46.187204073	25.483119757
6968700.0	13.366307562	674.9036499800001	24.991470049	30.729814259	45.743254514	25.507689044
6969000.0	12.791509322	670.52879382	25.032559611	30.822146366	45.428404411	25.518624735
6969300.0	13.128326807	669.58090831	25.050997178	30.876267868	45.326229708	25.528096452
6969600.0	12.774990034000002	656.09176846	25.085028791	30.927318148	45.048769889	25.53301365
6969900.0	13.629457242	649.82114124	25.074984461	30.946710155	44.545123112	25.550125366000003
6970200.0	13.580582976	628.6760031199999	25.06004811	30.942025691	44.354872497	25.556476428
6970500.0	13.50914417	617.3013770800001	25.098013897	30.95299137	44.059337279000005	25.566908613000003
6970800.0	12.908137516	583.46915602	25.120328678	30.949846474	43.55947719	25.57552841
6971100.0	12.829451778	563.41773194	25.132653863	30.923002392	42.899257946000006	25.585108308
6971400.0	13.659141471000002	563.2719033599999	25.167178234	30.901484548	42.210078485	25.573132701
6971700.0	12.480155856	529.7313394	25.267591418	30.9236026015	41.6873206585	25.522757597
6972000.0	12.556810406	419.2662211	25.345560684	30.908783412	41.260922632	25.44862192
6972300.0	12.244898844	360.78897696	25.247850858	30.737252066000003	40.668777702	25.428343244000004
6972600.0	12.059896728000002	247.1156308	25.154676944	30.522979841	39.755659262	25.510681312000003
6972900.0	11.93477691	228.15792074	25.188287177	30.396353026	39.3478525	25.554743343
6973200.0	11.189453277	265.92751231	25.237059646	30.29468602	37.853989017	25.55540442
6973500.0	11.877079394	226.18923546	25.337073488	30.186138905	35.315558372	25.507243595
6973800.0	11.742706678	188.49255814	25.302582135	29.930129109	32.783500106000005	25.475128307
6974100.0	11.37614437	192.28410016	25.344661031	29.635701023000003	30.637895926	25.457573647
6974400.0	11.280972352	267.89619764	25.349034211000003	29.208149634	28.410461919000003	25.442019625
6974700.0	10.868578946	100.485034834	25.292659779	28.671342112	26.504245822	25.430832364
6975000.0	10.260546676	71.100584228	25.200882883	28.05940977	24.946316554	25.473176455
6975300.0	10.864705927	90.131208565	25.222686411	27.6039897805	23.914358739500003	25.490029477
6975600.0	10.92401916	71.68389838200001	25.223482833	27.039991197	22.30778251	25.510884899
6975900.0	10.575784936	73.215098044	25.18944432	26.450856623	20.832031009	25.527273728
6976200.0	10.2146904242	96.18309294	25.188840787000004	25.880423218	19.580934375	25.539975765
6976500.0	10.0391362318	64.02790008000001	25.152425129	25.311438249	18.445991379	25.554063649
6976800.0	9.3748632234	27.570765332	25.144755604	24.783796658	17.290057355000002	25.563818458
6977100.0	9.4426421052	21.591795235	25.137260542	24.270002035	16.289653307000002	25.571635088
6977400.0	9.2587806372	13.206654242	25.153956710000003	23.77228555	15.316242812	25.579781036
6977700.0	8.896458149	10.2900834608	25.234581116	23.376757526	14.492151221	25.52845161
6978000.0	9.2140486146	12.1858544682	25.21346309	22.918849058	13.743409486	25.455316917
6978300.0	8.966968276	6.9779413332	25.094372575	22.383381823	12.991171215999998	25.458706953
6978600.0	8.799600304	4.7175989786	25.098186232000003	21.988975926	12.3897537235	25.4695326665
6978900.0	8.6084440496	4.6756847094000005	25.048139508	21.63126332	11.887662421	25.479223497
6979200.0	8.474141251999999	0.5307760851	25.001053889	21.229207836	11.360140278	25.486314549
6979500.0	8.3930978688	0.0	24.997672935	20.895147028	10.905267934	25.487103069
6979800.0	8.3025851684	0.2290761418	24.964872995	20.546205278	10.436521726	25.494588342
6980100.0	8.170037717	0.4581522836	24.901092956	20.20492149	9.9932099104	25.496133314
6980400.0	7.910581553200001	0.0	24.8961652	19.924963279	9.5988797655	25.50093938
6980700.0	7.767511428000001	0.0	24.882903628	19.656522793	9.2074079732	25.505461616
6981000.0	7.570320442000001	1.119547376	24.839358745	19.388052876	8.8323391023	25.500956103
6981300.0	7.208465354199999	0.4478189504	24.83061184	19.153022252	8.468956569700001	25.5075264095
6981600.0	6.723095778399999	1.1247140424000002	24.81873148	18.952319754	8.1101503945	25.508645114
6981900.0	6.499569403600001	0.0	24.780399494	18.727189931	7.7340993904	25.515199618
6982200.0	6.347260533	2.8746565104000004	24.7707878275	18.557622309	7.4204923094	25.5154122905
6982500.0	6.261588222199999	0.0	24.760582262	18.376149549	7.1265781097000005	25.511749652
6982800.0	6.0913730657	0.0	24.711287825	18.179039571	6.8063073435	25.51422295
6983100.0	5.9634751762	0.6872284254000001	24.672912004000004	17.991973806	6.5086007609	25.521943928
6983400.0	5.9092760638	9.218197956	24.661680123	17.833820150999998	6.25418097	25.488606637000004
6983700.0	5.8438558766	0.0	24.650044434	17.668200237999997	6.015401880000001	25.470283356
6984000.0	5.8635954894	0.0	24.639983408	17.521572596	5.8015687926	25.477278353000003
6984300.0	5.7725191064	0.0	24.61782635	17.361117319999998	5.5878049552	25.473261039
6984600.0	5.6874150804	0.0	24.595362435	17.219363872000002	5.3968102143	25.471732884
6984900.0	5.62228642	0.0	24.532160022	17.064987163999998	5.196783743000001	25.472851737
6985200.0	5.5874710296000005	0.0	24.558981044	16.956908648	5.043842491	25.465147576
6985500.0	5.445039299599999	0.0	24.539111078	16.840456237999998	4.90034391	25.460216635
6985800.0	5.441543411	0.0	24.543645107	16.767162927500003	4.80934627285	25.4619335655
6986100.0	5.286217493	0.0	24.52810234	16.65715604	4.6687407519	25.466786345
6986400.0	5.223054252999999	0.4684856172	24.500211442	16.562252271	4.553105691599999	25.467951988000003
6986700.0	5.1845017581	0.0	24.492475131	16.4816769	4.4576332679	25.465178857
6987000.0	5.1459597878	0.0	24.498556674	16.392979465	4.3403010785	25.4685430775
6987300.0	5.1685650372	0.0	24.478153296	16.315166154	4.2622087397	25.465242142
6987600.0	5.309941613	0.0	24.478022905000003	16.227330521	4.176513866600001	25.473403465
6987900.0	5.1823729144	0.0	24.415771494	16.133999132	4.0814259531	25.474554259
6988200.0	5.0437577254	0.0310000002	24.429482589	16.072803993	4.012416390499999	25.476208362
6988500.0	4.8925758258	0.0	24.395053754	15.996790283	3.9288674517	25.471733954
6988800.0	4.840616442	0.7549760285	24.350924257000003	15.909686865	3.8297524386	25.471482434
6989100.0	4.9265755134	0.3019904114	24.350016096	15.850699552	3.7528825236	25.474759347
6989400.0	4.8153630692	0.0	24.371160098	15.829123305	3.71423485325	25.473522107
6989700.0	4.6424653524	0.0	24.352063476	15.774108225	3.631167247	25.471670675
6990000.0	4.428604465	0.0832476028	24.327346947	15.714070196999998	3.5586013615	25.473041547
6990300.0	4.0463988982000005	0.1664952056	24.328137261	15.675127033	3.4434727083	25.473608767
6990600.0	4.2169389669	0.3123237447999999	24.340280127	15.635905652000002	3.3317139078	25.471103793
6990900.0	4.0758693182000005	0.3123237447999999	24.309695115	15.578182768	3.2044607189	25.46620366
6991200.0	3.9477446452	0.0	24.318941941	15.539257683	3.0930382374	25.46869319
6991500.0	3.4941300696	0.0	24.333948792	15.511065424	2.9951274554	25.47809882
6991800.0	3.1713233742	0.4684856172	24.308586766	15.458199762	2.853338362	25.480005006000003
6992100.0	3.3696233720000004	0.0	24.295189479	15.398852672	2.7413954103	25.485165336
6992400.0	3.0462725752	0.0	24.285030236	15.35545878	2.6182511153	25.482951403
6992700.0	2.8778914501	0.0	24.286248434500003	15.3243041705	2.51709736895	25.4792564685
6993000.0	2.7729581036	0.0	24.247339786	15.262558862	2.3963398111	25.4822973855
6993300.0	2.8433735382	0.1664952056	24.230634475	15.202313346	2.2847304237	25.485337385
6993600.0	2.8167587886	0.0832476028	24.216727911	15.150070964	2.1897987855	25.483548786
6993900.0	2.6386736866	1.291209248	24.196819843	15.09812469	2.1028491087	25.480885897
6994200.0	2.3979270108	0.5207332198	24.223776515	15.078225059	2.0320911658	25.478018315
6994500.0	2.419407403	0.0	24.220558885000003	15.038263246	1.9552043163	25.476946539
6994800.0	2.4720661672	0.1561618723999999	24.197256333	14.982700355	1.8577178914	25.47675737
6995100.0	2.3624021346	0.3123237447999999	24.212164642	14.949299158	1.7929554614	25.474622420000003
6995400.0	2.2347862516	0.3014094754	24.194428678	14.909893604	1.706695609	25.471604224
6995700.0	2.362820391	0.0103333334	24.175438517000003	14.851905709	1.6165011617	25.468894351
6996000.0	2.3346676476	0.0	24.146420994	14.792720468	1.5202534174999998	25.47240791
6996300.0	2.0298855632	1.3744568512000002	24.140220213	14.763905289499998	1.4596257646	25.4694611295
6996600.0	1.9170291746	0.0	24.119420534	14.712733486	1.3767393216	25.466892366
6996900.0	2.1815053988	0.0	24.141100295	14.706106853	1.3547724456	25.4663252545
6997200.0	2.4480868754	0.0	24.134264564	14.664957387	1.3507182089	25.466498128
6997500.0	2.2746689846	0.0	24.12001075	14.627671903	1.3112513669	25.46613545
6997800.0	2.273970092	0.0206666668	24.100728831	14.577499	1.2557101523999998	25.460573531
6998100.0	2.2605502294	0.0103333334	24.07218653	14.535390138	1.2004002884	25.464370709
6998400.0	2.1028414408	0.0310000002	24.082795937	14.508277022	1.1600864609	25.467631995
6998700.0	2.2155702128000003	0.0103333334	24.072078116	14.483514401	1.1100396735	25.465410138
6999000.0	2.3958891582	0.0	24.105612222	14.484437736	1.1217672344	25.466102662
6999300.0	2.9099844236	0.0	24.061621199	14.41441391	1.1206507007	25.461825262
6999600.0	2.725375665	0.0	24.063172142	14.398783335	1.1481962926999998	25.459375275
6999900.0	2.4995290302	0.0	24.0767182565	14.387591716	1.1388217212	25.4572793855
7000200.0	2.1363482524	0.4684856172	24.036784339	14.334458555	1.0590772201	25.458949420000003
7000500.0	1.9170196405	0.0	24.053311300000004	14.340973982999998	1.0255532868	25.459705216000003
7000800.0	2.2169103792	0.0	24.002882883	14.285895982	0.9514874375	25.456711583
7001100.0	2.199336709	0.0	24.01677422	14.264180708	0.9073718084	25.455057164000003
7001400.0	1.9564033558	0.0	24.012689127	14.252988573	0.8636027102	25.457388582
7001700.0	1.916933339	0.0	24.005428504	14.222580738	0.8087499386000001	25.457656257
7002000.0	1.9260357728	0.0	24.009540954	14.208827149	0.7686751635	25.456040926
7002300.0	1.660587392	0.0	23.993431004	14.170369018	0.6929013144	25.453133819
7002600.0	1.6230636084	0.0	23.969277049	14.13588236	0.6348142242000001	25.449730358000004
7002900.0	1.6118062244	0.4684856172	23.94947021	14.105295234	0.5820906651	25.447949305
7003200.0	1.516892122	0.0	23.9718354845	14.1030793705	0.5697698824	25.4418357075
7003500.0	1.0597927466	0.0	23.953579793	14.072762331	0.5062720115	25.441976845
7003800.0	1.0023609656	0.0310000002	23.945797549	14.041982638	0.4196114782	25.4396921405
7004100.0	0.9684971794	0.0	23.952977885	14.022417780999998	0.347192619	25.439849577
7004400.0	1.1882904247	0.0	23.893813592	13.970202546	0.2732602898	25.43595797
7004700.0	1.3027787612	0.4684856172	23.927996679	13.960412632	0.247067544	25.438147415000003
7005000.0	1.3203867192	0.0	23.960111966	13.954612642	0.2385848066999999	25.440084982
7005300.0	1.4692810086	0.0	23.913452342	13.905493808	0.2276708560999999	25.435925449000003
7005600.0	1.2300961614	0.0206666668	23.866984332	13.844133564	0.1466255115999999	25.432017664
7005900.0	1.1416230236	0.0103333334	23.902836615	13.842427128	0.1019263279	25.4312291475
7006200.0	1.2671146918	0.0	23.867620054	13.803006019	0.0690279606	25.437690104
7006500.0	0.9750179872	0.0	23.812580392	13.741921990000002	0.0058383942999999	25.448043132
7006800.0	0.586637474	0.0	23.849466548	13.743961195	-0.0374560528	25.4527073475
7007100.0	0.2740114674	0.0	23.861341536	13.7520818375	-0.088987003	25.452582031
7007400.0	0.1736540876	33.498649704	23.823948851	13.703608423	-0.2096998488	25.4637603475
7007700.0	0.130902355	0.0	23.818734274	13.663727557	-0.314906264	25.467692508
7008000.0	-0.0414447902	0.0	23.816794368	13.646839296	-0.3860861290999999	25.472892427
7008300.0	0.0218307705	0.0	23.791479961	13.606197463	-0.4666197486	25.472860915
7008600.0	0.2625955492	0.0	23.757149561	13.550329587	-0.5374459436000001	25.475366553
7008900.0	0.137042632	0.0	23.771436942	13.533139223	-0.5670554168999999	25.479510411
7009200.0	-0.1933689398	0.0	23.782232184	13.514849634	-0.606539222	25.472247033
7009500.0	-0.3190472949999999	0.0	23.762345679	13.4635682	-0.6761376705	25.466149734
7009800.0	0.1694920418	0.0832476028	23.774067256	13.448549165	-0.6766848185000001	25.469333145
7010100.0	0.201997888	0.1664952056	23.752941006	13.407609593	-0.6822841645	25.471633356
7010400.0	-0.0530236365	0.0	23.743430146	13.3817368335	-0.68049405845	25.470805989
7010700.0	-0.2184782015999999	0.0	23.749272659	13.37201035	-0.6720583122999999	25.465219804
7011000.0	-0.2994931534	0.0	23.710237743	13.333132626	-0.6842852425	25.460351207
7011300.0	-0.2916271246	0.0	23.685343202	13.290382252	-0.7008695208	25.467362578
7011600.0	-0.0973131168	0.0	23.718205497	13.286579899	-0.6848058365	25.469363793
7011900.0	0.3654141044	0.0	23.689818186000004	13.247266721	-0.6422554976	25.470529222
7012200.0	0.8355795448000001	0.0	23.689626528	13.243922897	-0.519588428	25.467346509
7012500.0	0.6557899718	1.3434568512000002	23.68288905	13.233953429	-0.4532007707	25.464936193
7012800.0	0.465125236	0.0	23.696990677	13.233117406	-0.4360842581999999	25.466952954
7013100.0	0.3164022166	0.0	23.664039964	13.196039479	-0.4789499297999999	25.465739722
7013400.0	0.2371960212	0.0	23.665859315	13.178884407	-0.5173086820999999	25.462509348
7013700.0	0.1558470768	0.4684856172	23.668721219	13.183455105	-0.5237682772	25.46367536
7014000.0	0.1546790438	0.0103333334	23.654333525	13.1687448675	-0.5144725349999999	25.461894659
7014300.0	0.2942442919	0.0310000002	23.644494317	13.165778358	-0.4492730944999999	25.463564988
7014600.0	0.6937623836	0.0	23.610056791	13.129341656	-0.3234976256	25.466038113
7014900.0	0.374162862	0.0	23.641997809	13.144971325	-0.1733956272	25.465076441
7015200.0	0.288828153	0.0	23.633087679	13.140438716	-0.0625049379	25.461909287
7015500.0	0.3038751684	0.0103333334	23.643486564	13.162648237	0.0784769433	25.46126287
7015800.0	0.4261732678	0.0206666668	23.622513255	13.152012845999998	0.216393959	25.478202209
7016100.0	0.4416154308	0.0	23.554984237	13.111166546	0.3252619403	25.531372252
7016400.0	0.4909306653999999	0.0	23.537976178	13.113865938	0.5017426621	25.554001951
7016700.0	0.617265733	0.0	23.52070798	13.126250097	0.7097295092	25.593191341
7017000.0	0.7191364142	0.2497428084	23.51303156	13.146296205	0.9106624435	25.625338757
7017300.0	0.9527076956	0.0	23.542521406	13.192753773	1.1166668201	25.621335911000003
7017600.0	1.0445107614000002	7.280512680799999	23.6509877605	13.294979971	1.3522475482999998	25.570228835
7017900.0	0.9904682344	0.0	23.620775366	13.311462666	1.4666161093	25.532298903000004
7018200.0	0.8958941956	0.0	23.596811791	13.343488028	1.5720915706	25.517140241
7018500.0	0.815288322	0.0	23.609418926	13.395324824	1.6571608091	25.502973602000004
7018800.0	0.9812675858	0.0	23.607657547	13.430065643	1.7651916477	25.488681116500004
7019100.0	1.217221753	0.0	23.541406546	13.412349356	1.8664606311	25.534096332000004
7019400.0	1.1755594116	0.0	23.518683898	13.436028094	1.9991795682	25.556220908
7019700.0	1.1036610320000002	0.0	23.529001785	13.480824293	2.1464614754	25.5758712015
7020000.0	1.2968688916	1.4996187232	23.567586191	13.546665893	2.3155907156	25.590889214
7020300.0	1.5009083498	0.0	23.516370348	13.541228793	2.4305169842	25.608869693000003
7020600.0	1.5300453348	0.0	23.525980266	13.593983236	2.5717041037	25.630647238
7020900.0	1.3977303854	0.0	23.507226321	13.618587722	2.6545083857	25.636872354
7021200.0	1.7393144814	0.0	23.4776382455	13.624192453	2.7393856138	25.641333342
7021500.0	1.997762256	1.1872949788	23.492846273	13.670665557	2.8875408322	25.650535936
7021800.0	2.1528007612	0.5936474894	23.502829076	13.710857089	3.0334840685	25.657076808
7022100.0	2.1624193978	0.0	23.514337326	13.761187655	3.1679766029000005	25.665649172
7022400.0	3.3627147608000003	0.9059712342	23.538040476	13.807651906	3.3396658731	25.678098357000003
7022700.0	4.346935952	0.0	23.546994723	13.862300591	3.57577875	25.683723269
7023000.0	4.485155689	0.6872284254000001	23.625901862	13.957905715	3.8343287192	25.624814629
7023300.0	4.9409186248	1.1557140426	23.664688412	14.035946036	4.0721246808	25.563338999
7023600.0	5.198845304	0.0310000002	23.575675754	14.010088275	4.2353317634	25.574088086
7023900.0	4.6172044691	2.3745899576	23.523157939	14.02619711	4.3716436319	25.58203177
7024200.0	3.7057075	0.0	23.536394701	14.07618977	4.4524593326	25.580219795000005
7024500.0	3.157879293	0.0	23.527543749	14.137407969	4.51534441295	25.581583545
7024800.0	3.0198424612	0.1561618723999999	23.530084593	14.176935844	4.5562942803	25.586318664
7025100.0	3.1011306628	0.3123237447999999	23.535537557	14.232415225	4.6265278399	25.595598736
7025400.0	3.4044960708	1.4157901842	23.546242468000003	14.279639005	4.715866778500001	25.5947246
7025700.0	4.0363117092	4.8895513193	23.547162097	14.311493717	4.832733509600001	25.595788499
7026000.0	4.9469538812	7.3631793472	23.532157599	14.340016895	4.995078259	25.595315982
7026300.0	5.395171157	8.4672267232	23.559643381	14.407958391	5.221679803999999	25.602343835
7026600.0	5.5713447394	10.5088262706	23.549730939	14.44479049	5.4374452071	25.605007118000003
7026900.0	5.721654055	10.071340652	23.514121349	14.458363919	5.6274328433	25.600815915
7027200.0	6.1240236584000005	10.3629977308	23.5326251	14.521932592	5.8558653461	25.572125312
7027500.0	6.180220379	10.9463118862	23.554089224	14.575424702	6.0419799146	25.563460194
7027800.0	6.2616728757	16.414882102	23.545344322	14.635930214	6.2435761609	25.557299663
7028100.0	6.4474952408	12.5504258166	23.546260648	14.6835605095	6.430282682950001	25.5571261035
7028400.0	7.114515967200001	17.508596144000002	23.565615671	14.739697075	6.6895951773	25.564248608
7028700.0	8.0230095098	20.206424114	23.539796263	14.772010734	7.0798644416	25.563193213
7029000.0	7.9790626512	17.94608176	23.557535217	14.838333965	7.3980752967	25.557049518
7029300.0	8.031291213	30.778993192	23.575878807	14.932521337	7.751720904800001	25.55673446
7029600.0	8.1104514291	33.659106836	23.570620081	15.021698272000002	8.135359190900001	25.562185886
7029900.0	8.142155862	31.216478808	23.574652682	15.107462212	8.431448959899999	25.560579025000003
7030200.0	8.1802330266	27.789508142	23.594549853	15.205520724	8.675351376	25.559381036
7030500.0	8.2837079956	43.611904622	23.592415304	15.295849803	8.980682361	25.559932283
7030800.0	8.3041407068	49.299217646	23.582733626	15.382310114	9.2817922827	25.566061851
7031100.0	8.361181854200002	64.90287132	23.619787187	15.514580034	9.7183656218	25.562974541000003
7031400.0	8.1026645438	59.798872456000005	23.594878629	15.586169353	10.0609136696	25.562343316
7031700.0	7.867901548499999	58.340587064	23.603982918	15.674704039999998	10.23087991	25.559649293
7032000.0	7.920996241599999	68.03818491	23.60835931	15.788840533	10.520660159999998	25.559003557
7032300.0	8.0531035634	56.15315898	23.622045508	15.897257908	10.78214322	25.561996872
7032600.0	8.0890623468	46.601389672	23.652251268	16.030002808	10.972207717	25.567731121
7032900.0	8.5620645278	44.049390242	23.657675698	16.134665804	11.083525825	25.570851588
7033200.0	8.7083669642	59.28847257	23.679653917	16.246535921	11.221188463	25.571702601
7033500.0	8.7872242382	57.173958755	23.649100883	16.295220868999998	11.351155478	25.56809474
7033800.0	8.948027728	84.07932419599999	23.702200672	16.43288317	11.69186518	25.573797869
7034100.0	9.3320008472	95.59977878	23.701064465	16.5115072	12.167570663	25.581771094
7034400.0	9.562226529	78.319096908	23.689160535	16.587621386000002	12.53347786	25.585616235
7034700.0	9.5921770238	89.766637218	23.687093825	16.670311788	12.808284415	25.580117911
7035000.0	9.8782581616	72.558869618	23.706155005	16.795098815	13.0477383455	25.584190829
7035300.0	10.196728022	55.059444936	23.717987540000003	16.877684205999998	13.168269854000002	25.582733815
7035600.0	9.8064776329	47.439903774	23.692044011	16.956668956	13.049472600999998	25.583600044
7035900.0	9.814469596	48.49716068	23.695163437	17.052207838	12.975403498	25.58649911
7036200.0	9.723059733	57.830187176	23.724871628	17.155857843	13.033010886	25.582496203
7036500.0	9.8060443528	61.402986384	23.785512104	17.272065893	13.198880402	25.585222595
7036800.0	9.8576142696	62.423786158000006	23.754665416	17.322661842000002	13.249889019	25.582056943
7037100.0	10.0585190766	70.51727007	23.782564013	17.399347591999998	13.402782108	25.581647186
7037400.0	10.494222385	74.6369263	23.778580625	17.454869665	13.598452443	25.589776967
7037700.0	10.82426189	89.474980142	23.774361598	17.500536347	13.93823295	25.5963549275
7038000.0	10.747678162	82.912695888	23.777318723	17.564282227	14.200393313	25.598537392
7038300.0	10.73364765	74.746297702	23.790171045	17.615253244	14.360382393	25.598395775
7038600.0	10.608159138	57.46561583	23.803167697	17.697975459	14.345459409	25.605675263
7038900.0	10.68291968	68.11109917799999	23.789572002	17.737123806	14.344939866	25.606873343
7039200.0	10.79044769	99.974634936	23.792390543	17.786890271	14.402053958	25.6026355045
7039500.0	10.903212309	127.75497163	23.812827022	17.868046046	14.69051677	25.599058805
7039800.0	11.005526046	99.318406528	23.785138255	17.908410146	15.052998505	25.602714544
7040100.0	11.081671574	74.965040512	23.812221816	17.983323036	15.20736888	25.608244347
7040400.0	10.7790272	73.65258366	23.869184822	18.081203452	15.11904512	25.609299748
7040700.0	10.98371939	88.672923176	23.849258554	18.140337153	15.060375014000002	25.611789622000003
7041000.0	11.381629094	85.683438128	23.839579447	18.190783257	15.228002305	25.6142487435
7041300.0	11.326237873	69.460013166	23.871956671	18.263483602	15.303882719	25.625420574
7041600.0	11.316896364	63.298757392000006	23.876615758	18.318514178	15.167323781	25.631172339000003
7041900.0	11.48954233	57.319787292	23.865459132	18.369580039	15.121423965999998	25.628966167
7042200.0	11.569738676	55.132359208	23.856995336	18.3871150635	15.058410621	25.626042752
7042500.0	11.233490076	58.486415606	23.89575072	18.4399631	15.000838935	25.628808412
7042800.0	11.367751558	91.152008336	23.900674641	18.477669659	14.987028315	25.636229782
7043100.0	11.86167565	109.1618329	23.88946121	18.496489402	15.346055086	25.635757224
7043400.0	12.0314767	116.38034557	23.92382758	18.550186359	15.743673033	25.639160396
7043700.0	12.112508694	95.308121704	23.928095562000003	18.576002199	16.034212417	25.642895006
7044000.0	12.093086958	86.485495094	23.957177802	18.641999491	16.199862719	25.650899509
7044300.0	11.578918296	65.04869985799999	23.947308106	18.675819193	16.065450917	25.645794752
7044600.0	11.554732286	59.288472568	23.949291004	18.729474064	15.84216113	25.648772217
7044900.0	11.327989692	38.580820028	23.941415458	18.771549441	15.546552218000002	25.653121771
7045200.0	11.151355585	34.679906611	23.956979575	18.815714592	15.267946235	25.658857797000003
7045500.0	11.210672198	49.445046184	23.929572719	18.82467628	15.103694528999998	25.656383076
7045800.0	11.455500612	55.56984482200001	23.9384876575	18.835384394	15.099865666	25.662347241
7046100.0	11.611118544	60.892586496	23.951471614	18.851544565	15.111160293	25.668626541
7046400.0	11.63633147	49.153389104	23.967530737	18.846011556	15.123718159	25.669618629
7046700.0	11.702393824	45.216018554	23.952111108	18.826617169	14.980090054999998	25.673353378
7047000.0	11.777056422	54.03864516399999	23.989131252	18.844502261	15.057856099	25.677703206
7047300.0	11.97379294	69.897498781	24.020022947	18.869075794	15.197406576	25.675230453
7047600.0	11.76216437	49.372131914	24.042843702	18.874672641	15.259537821	25.664559739
7047900.0	11.461648062	46.236818326000005	24.13454677	18.949540322	15.176680636	25.591610576
7048200.0	11.789042232	48.205503604	24.104882077	18.929928346	15.120197188	25.553710557
7048500.0	12.027147398	35.2996779	24.091603852	18.917657289	15.063175313	25.546288223
7048800.0	11.862992987999998	23.633394782	24.055703824	18.882286546	14.869965461	25.540364321
7049100.0	11.765069857	19.84185277	24.0539805725	18.8840238285	14.668975491	25.5572263575
7049400.0	11.894556584	19.25853861	23.987771986	18.832026137	14.499429929	25.583479454
7049700.0	11.814726754	23.122994894	23.98362656	18.802758344	14.334763335999998	25.613908806
7050000.0	11.826512444	24.362537478	23.978326007	18.788232852	14.217434522999998	25.630425409
7050300.0	11.963397786	19.25853861	23.997499963	18.769954926	14.129216153	25.649083426
7050600.0	12.150878824	24.800023092	24.037528095	18.765473961	14.138530572	25.667553529000003
7050900.0	12.26177404	32.164364312	24.064417577	18.764094368	14.137261065	25.670783889000003
7051200.0	12.459886785	33.659106837	24.135280369	18.796288323	14.238889676	25.603664421
7051500.0	12.549258816	34.570535203999995	24.180743642	18.820071285	14.370381222	25.553142188
7051800.0	12.332170512	48.934646298	24.088947507	18.730428816	14.437301568	25.582831707
7052100.0	12.434053588	45.143104284	24.110056763000003	18.724986531	14.59741043	25.584171787
7052400.0	12.436983554	36.539220482000005	24.046301619	18.679584893	14.578333732	25.581383326
7052700.0	12.493815582	40.841162384	24.0325753825	18.669835665500003	14.6171840515	25.583266271
7053000.0	12.552898269	49.044017704	24.054452324	18.689136714	14.721896584	25.583510309
7053300.0	12.861627809999998	51.34081719	24.076184099	18.712515107	14.871439891	25.583400345
7053600.0	13.139339536	52.580359774	24.091745076	18.747242838	15.078007677	25.588631115
7053900.0	12.979829595999998	59.507215376	24.098107158	18.74925206	15.274127714	25.587937717000003
7054200.0	12.952221925999998	74.527554894	24.111380584	18.788801791	15.50277192	25.589923766
7054500.0	13.34902893	102.453720116	24.083741613	18.789894779	15.785729375	25.595454834
7054800.0	13.362028776	145.69188192	24.099735067	18.832059282000003	16.323625588	25.571711749
7055100.0	14.138696796	191.95598592	24.104322538	18.882513621	17.178867316	25.552616890000003
7055400.0	14.392694798	214.45003808	24.102438694	18.950737794	18.262523977	25.551766489
7055700.0	14.827589391999998	236.17849038	24.096470536	19.029724859	19.366816912	25.546866574
7056000.0	14.592307848	318.42578638	24.121715669	19.168368171	20.854104088	25.545369194
7056300.0	15.243966004	231.36614858	24.124802667	19.3190816675	21.80832661	25.545794309500003
7056600.0	14.799280298	154.8790799	24.121416241	19.4991534	21.993179817	25.543415397
7056900.0	14.592945114	125.4946293	24.10807228	19.713404874	21.638222959	25.538720174
7057200.0	14.589090714	169.24319098	24.174014474000003	19.979283073	21.451417214	25.543935154
7057500.0	15.472202818	259.7297994	24.169876169	20.173721497	22.131780323	25.547117961
7057800.0	15.442165792	169.60776232	24.186968726	20.348262811	22.460466674	25.549718506
7058100.0	15.033415592	166.98284862	24.165264433	20.488938959	22.32230666	25.549561486
7058400.0	15.05627532	132.56731342	24.188075961	20.665511554	22.177607934	25.546204928
7058700.0	14.890866346	118.2761166	24.192125253	20.787729748	21.814010252000003	25.550742407
7059000.0	15.069508762000002	145.43668198	24.210785801	20.912837864	21.938050333	25.551200078
7059300.0	15.210347412	145.91062474	24.254250101	21.042155219	22.294539869	25.5508057475
7059600.0	15.5036988	131.91108498	24.265917081	21.126800672	22.192608134000004	25.558274166
7059900.0	14.984772433999998	78.173268366	24.2765607805	21.1909113785	21.6187693145	25.5597560565
7060200.0	15.090516542	56.736473138	24.297207334	21.26129913	20.913799311	25.561425775000004
7060500.0	14.999790204000002	43.018257136	24.285793383	21.281859175	20.220676082000004	25.562953672
7060800.0	14.892584091999998	30.029183829	24.273846582	21.281001974	19.627267542	25.567208844
7061100.0	14.882118896	36.174649134	24.31409272	21.281664560000003	19.093980408	25.568815645
7061400.0	14.768998506	40.257848226	24.329597088	21.237528965	18.680005577	25.571400044
7061700.0	14.729478806	32.237278579999995	24.355056985	21.188292264	18.28794831	25.571967083
7062000.0	14.638366014	33.112249814	24.330907313	21.09384851	17.879530894	25.573558321
7062300.0	14.609495002	44.413961586	24.337424462	20.998212512	17.536974956	25.576962355
7062600.0	14.797922212	60.01761526200001	24.337752460000004	20.893163648	17.336845811	25.584714278
7062900.0	15.015581496	61.439443516	24.363733875	20.805541423	17.307049542999998	25.5821459725
7063200.0	14.884768095999998	59.94470099600001	24.3369962745	20.68545137	17.2609418995	25.5864398265
7063500.0	14.924496638	49.809617532	24.359520464	20.625356216	17.214748923	25.589221453
7063800.0	14.864060382	42.445276312	24.334868625	20.52096985	17.031725856	25.591301736
7064100.0	14.866300924	42.007790692	24.359539496	20.463421135	16.90075328	25.590025376
7064400.0	14.90078449	48.788817758	24.331589724	20.376351546	16.800560951	25.585423738
7064700.0	14.811269348	44.158761643000005	24.303291716	20.283394717	16.680209593	25.592042553
7065000.0	14.502129728	34.570535206	24.335712332	20.236633635	16.482067788000002	25.595997361
7065300.0	14.33676017	48.424246412	24.350345296	20.196844936	16.154268884	25.598770031
7065600.0	14.092399674	14.008711207	24.37414786	20.153601299	15.798346519	25.601322197
7065900.0	13.84883366	5.5299892766	24.347505721	20.068504979	15.381282699	25.603403006
7066200.0	13.676559904	3.4987230638	24.369339224	20.013409283	15.032002397	25.606349319000003
7066500.0	13.466017374	4.2491133616	24.352980881	19.930434698	14.688911289	25.605844615
7066800.0	13.299117109	0.0	24.356226433	19.864808704	14.3751317605	25.6080741335
7067100.0	13.13760287	0.0	24.311499166	19.758322713	14.041563400999998	25.610044173
7067400.0	12.976938827999998	0.0	24.360908779	19.696682356	13.723857034999998	25.6115887435
7067700.0	12.807014752	0.0	24.312615293	19.565214802	13.388668883	25.610210402
7068000.0	12.602640068	0.0	24.295509789	19.452157685	13.082520316	25.61232242
7068300.0	12.493051324	0.0	24.324593195	19.375422356	12.846650338	25.620074993
7068600.0	12.424550445	1.2079616456	24.330853452	19.278980186	12.64759145	25.626471941
7068900.0	12.31066357	0.0	24.297294491	19.172165842	12.462489811	25.624691881000004
7069200.0	12.195427014	0.0310000002	24.312599813	19.078485497	12.291931284	25.626945164
7069500.0	12.150858174	0.0	24.317483541	18.992133227	12.165020613	25.629104171
7069800.0	11.998444572	0.0	24.32050551	18.926598586	12.065948891	25.632207872
7070100.0	12.014771128	0.0	24.300273787	18.830104723	11.978713591	25.636210191000004
7070400.0	11.922810511	0.0	24.306295628500003	18.7707778905	11.916486634	25.6399839705
7070700.0	11.882319444	0.0	24.356638992	18.737290001	11.887006699	25.631213455
7071000.0	11.787293188	0.0206666668	24.440039595	18.755751877	11.899918051	25.563274829
7071300.0	11.73627751	0.0103333334	24.426630149	18.702242653	11.836426246000002	25.489919078
7071600.0	11.657026792	0.4684856172	24.321815118	18.555578510000004	11.677235435	25.503205123
7071900.0	11.613730826	0.0	24.308197587	18.488111738	11.577193253	25.543468312
7072200.0	11.612434028	0.0	24.253293228	18.399778825	11.477668915	25.570258427
7072500.0	11.542759602	0.5411094181999999	24.279630476	18.371082212	11.435750475	25.594936968000003
7072800.0	11.482247858	0.3329904112	24.253485297	18.312230739	11.395689002	25.614518117000003
7073100.0	11.312100288	0.0	24.258096065	18.295339158	11.37182843	25.617533921000003
7073400.0	11.254546582	0.0	24.387853456	18.359950994	11.419759955	25.566410461
7073700.0	11.268056964	0.0310000002	24.37321093	18.327777766	11.373392895	25.527645521
7074000.0	11.231030128	0.0	24.367927914	18.2967417875	11.3434036205	25.522247316
7074300.0	11.15191788	0.0	24.362150755	18.265514279	11.293124746	25.508024854
7074600.0	11.361761032	0.0	24.343470915	18.23459791	11.276597115	25.48717763
7074900.0	11.248523862	0.0	24.358837339	18.219836487	11.267888654	25.481030849
7075200.0	11.207785242	0.0	24.347272626	18.2009529	11.234162825	25.477674571
7075500.0	11.298622122	0.0	24.31048415	18.153597195	11.188055341999998	25.481520199
7075800.0	11.262911996	0.0	24.266111693	18.104247303	11.140998871	25.491172466
7076100.0	11.291040348	0.0	24.24289043	18.065586743	11.11595847	25.506955887
7076400.0	11.19509216	0.0	24.254807697	18.058613916	11.111562813	25.531774876
7076700.0	11.021038242	0.0	24.24574134	18.029560453	11.061455181	25.550495513
7077000.0	11.049060236	0.0	24.230711984	18.016109368	11.042342189	25.559840828
7077300.0	10.955062546	0.0832476028	24.239506156	18.003000528999998	11.033152930500002	25.5668695545
7077600.0	10.979884394	0.853723631	24.22408308	17.984249352	11.027745706	25.579129078
7077900.0	11.027604384	0.0	24.219374312	17.976741280000002	11.037604547	25.586519957
7078200.0	11.039117259	0.0	24.234794229	17.975395317	11.045010423	25.591358223
7078500.0	10.848208543999998	0.0	24.236856862000003	17.976444365	11.035775608000002	25.602436705
7078800.0	10.718199394	0.0	24.225033143	17.965978119	11.001180458	25.609007605
7079100.0	10.998133928	0.0	24.257370128	17.983384733	11.010536687	25.61650811
7079400.0	11.108983513999998	0.0310000002	24.248938664	17.97950691	11.014372288	25.614193609
7079700.0	11.090068776	1.0621331066	24.231361353	17.959151462999998	10.999819256	25.570410965
7080000.0	11.159988962	1.1872949788	24.244692887	17.963809729	10.964971502	25.584702136
7080300.0	11.060561398	0.0	24.215986476	17.929969659	10.880187759	25.584560398
7080600.0	11.088081698	0.0	24.345537787	18.024381079	10.918193415	25.550960708
7080900.0	11.3152089	0.0	24.3734886005	18.077182938	10.9733786595	25.4784158895
7081200.0	12.232342916	0.4684856172	24.330453863	18.026639542	10.936315244	25.434963771
7081500.0	12.552637726	0.0	24.247603661	17.940405645	10.840903092	25.471273442
7081800.0	12.443238804	0.0	24.269178799	17.944254399000002	10.804070175	25.498299703
7082100.0	12.121621731	0.0	24.232700054	17.91545523	10.769846637	25.534305614
7082400.0	10.0325394224	0.0	24.333886435	17.958565285	10.510834995	25.506112382
7082700.0	8.4644098214	0.0	24.357588883	17.952884064	9.7539207465	25.438777229
7083000.0	8.582581701399999	0.0	24.278885101	17.887073028	9.3815758525	25.423856800000003
7083300.0	8.5569117718	2.197761418	24.300181035	17.860793170999997	9.1523650071	25.439031618
7083600.0	8.756533096	4.395522836	24.269441797	17.771979994	8.9593384565	25.447856327
7083900.0	9.1325595518	0.0	24.269752336000003	17.715430329	8.882636202899999	25.453640247
7084200.0	9.3379670836	0.0	24.262208514	17.647944567	8.7984406491	25.460211965
7084500.0	9.4127652634	0.0	24.2776608525	17.60595309	8.763676091299999	25.465821909
